# batch=0 channel=0
0.000000 0.000000 0.000000 0.000000 0.035679 0.026310 0.000000 0.000000 0.000000 0.000000 0.000000 0.000000 0.000000 0.000000 0.000000 0.004117 
0.000000 0.000000 0.000000 0.000000 0.000000 0.017273 0.000000 0.000000 0.000000 0.000000 0.000000 0.000000 0.000000 0.000000 0.000000 0.000000 
0.000000 0.000000 0.000000 0.000000 0.000000 0.000000 0.000000 0.000000 0.000000 0.000000 0.000000 0.025189 0.000000 0.000000 0.000000 0.000000 
0.000000 0.000000 0.000000 0.000000 0.000000 0.000000 0.000000 0.000000 0.000000 0.000000 0.000000 0.000000 0.000000 0.000000 0.000000 0.000000 
0.000000 0.000000 0.000000 0.000000 0.000000 0.000000 0.000000 0.000000 0.000000 0.000000 0.000000 0.000000 0.000000 0.000000 0.000000 0.000000 
0.000000 0.000000 0.000000 0.000000 0.000000 0.000000 0.000000 0.000000 0.000000 0.000000 0.000000 0.000000 0.000000 0.000000 0.000000 0.000000 
0.000000 0.000000 0.000000 0.000000 0.000000 0.000000 0.000000 0.000000 0.000000 0.000000 0.000000 0.000000 0.000000 0.000000 0.000000 0.000000 
0.000000 0.000000 0.000000 0.000000 0.000000 0.000000 0.000000 0.000000 0.000000 0.000000 0.000000 0.000000 0.000000 0.000000 0.000000 0.000000 
0.000000 0.000000 0.000000 0.000000 0.000000 0.000000 0.000000 0.000000 0.000000 0.000000 0.000000 0.000000 0.000000 0.000000 0.000000 0.000000 
0.000000 0.000000 0.000000 0.000000 0.000000 0.000000 0.000000 0.000000 0.000000 0.000000 0.000000 0.000000 0.000000 0.000000 0.000000 0.000000 
0.000000 0.000000 0.000000 0.000000 0.000000 0.000000 0.000000 0.000000 0.000000 0.000000 0.000000 0.000000 0.000000 0.000000 0.000000 0.000000 
0.000000 0.000000 0.000000 0.000000 0.000000 0.000000 0.000000 0.000000 0.000000 0.000000 0.000000 0.000000 0.000000 0.000000 0.000000 0.000000 
0.000000 0.000000 0.000000 0.000000 0.000000 0.000000 0.000000 0.000000 0.000000 0.000000 0.000000 0.000000 0.000000 0.000000 0.000000 0.000000 
0.000000 0.000000 0.000000 0.000000 0.000000 0.000000 0.000000 0.000000 0.000000 0.000000 0.000000 0.000000 0.000000 0.000000 0.000000 0.000000 
0.000000 0.000000 0.000000 0.000000 0.000000 0.000000 0.000000 0.000000 0.000000 0.000000 0.000000 0.000000 0.000000 0.000000 0.000000 0.000000 
0.000000 0.000000 0.000000 0.000000 0.000000 0.000000 0.000000 0.000000 0.000000 0.000000 0.000000 0.000000 0.000000 0.000000 0.000000 0.000000 

# batch=0 channel=1
0.000000 0.000000 0.000000 0.000000 0.000000 0.013069 0.000000 0.000000 0.000000 0.000000 0.000000 0.000000 0.000000 0.000000 0.000000 0.000000 
0.000000 0.000000 0.000000 0.000000 0.000000 0.008425 0.000000 0.000000 0.000000 0.000000 0.000000 0.000000 0.000000 0.000000 0.000000 0.000000 
0.000000 0.000000 0.000000 0.000000 0.000000 0.000000 0.000000 0.000000 0.000000 0.000000 0.000000 0.000000 0.000000 0.000000 0.000000 0.000000 
0.000000 0.000000 0.000000 0.000000 0.000000 0.000000 0.000000 0.000000 0.000000 0.000000 0.000000 0.000000 0.000000 0.000000 0.000000 0.000000 
0.000000 0.000000 0.000000 0.000000 0.000000 0.000000 0.000000 0.000000 0.000000 0.000000 0.000000 0.000000 0.000000 0.000000 0.000000 0.000000 
0.000000 0.000000 0.000000 0.000000 0.000000 0.000000 0.000000 0.000000 0.000000 0.000000 0.000000 0.000000 0.000000 0.000000 0.000000 0.000000 
0.000000 0.000000 0.000000 0.000000 0.000000 0.000000 0.000000 0.000000 0.000000 0.000000 0.000000 0.000000 0.000000 0.000000 0.000000 0.000000 
0.000000 0.000000 0.000000 0.000000 0.000000 0.000000 0.000000 0.000000 0.000000 0.000000 0.000000 0.000000 0.000000 0.000000 0.000000 0.000000 
0.000000 0.000000 0.000000 0.000000 0.000000 0.000000 0.000000 0.000000 0.000000 0.000000 0.000000 0.000000 0.000000 0.000000 0.000000 0.000000 
0.000000 0.000000 0.000000 0.000000 0.000000 0.000000 0.000000 0.000000 0.000000 0.000000 0.000000 0.000000 0.000000 0.000000 0.000000 0.000000 
0.000000 0.000000 0.000000 0.000000 0.000000 0.000000 0.000000 0.000000 0.000000 0.000000 0.000000 0.000000 0.000000 0.000000 0.000000 0.000000 
0.000000 0.000000 0.000000 0.000000 0.000000 0.000000 0.000000 0.000000 0.000000 0.000000 0.000000 0.000000 0.000000 0.000000 0.000000 0.000000 
0.000000 0.000000 0.000000 0.000000 0.000000 0.000000 0.000000 0.000000 0.000000 0.000000 0.000000 0.000000 0.000000 0.000000 0.000000 0.000000 
0.000000 0.000000 0.000000 0.000000 0.000000 0.000000 0.000000 0.000000 0.000000 0.000000 0.000000 0.000000 0.000000 0.000000 0.000000 0.000000 
0.000000 0.000000 0.000000 0.000000 0.000000 0.000000 0.000000 0.000000 0.000000 0.000000 0.000000 0.000000 0.000000 0.000000 0.000000 0.000000 
0.000000 0.000000 0.000000 0.000000 0.000000 0.000000 0.000000 0.000000 0.000000 0.000000 0.000000 0.000000 0.000000 0.000000 0.000000 0.000000 

# batch=0 channel=2
0.107560 0.147603 0.184503 0.134019 0.063359 0.228020 0.297759 0.287319 0.307005 0.279305 0.181074 0.019237 0.071650 0.114749 0.182082 0.157513 
0.087833 0.150880 0.227316 0.176120 0.139957 0.141472 0.275651 0.306001 0.287129 0.240775 0.145923 0.042903 0.143119 0.148933 0.184104 0.136468 
0.067875 0.157351 0.206362 0.179663 0.184616 0.167842 0.218986 0.264530 0.273086 0.241895 0.173416 0.098828 0.180140 0.177712 0.176274 0.111327 
0.041328 0.169166 0.211901 0.207970 0.249698 0.254525 0.229984 0.229142 0.237288 0.228069 0.246072 0.217798 0.199949 0.197867 0.161448 0.101876 
0.037953 0.155251 0.188544 0.228672 0.227536 0.228147 0.206315 0.245989 0.244106 0.231093 0.231983 0.255546 0.226792 0.189192 0.164904 0.078862 
0.036935 0.137961 0.174001 0.259139 0.245693 0.167271 0.171941 0.258000 0.277009 0.220213 0.174868 0.252545 0.278740 0.176672 0.126957 0.048059 
0.039547 0.127805 0.175067 0.262303 0.247683 0.183643 0.173821 0.274509 0.275888 0.242082 0.156188 0.207254 0.260028 0.186231 0.105817 0.018146 
0.035695 0.125887 0.190284 0.247074 0.175129 0.169426 0.197501 0.280536 0.280812 0.248079 0.186552 0.192585 0.259334 0.228815 0.107951 0.020190 
0.035113 0.142311 0.220107 0.212249 0.190296 0.154202 0.214079 0.284403 0.286831 0.254563 0.217411 0.178027 0.206550 0.269862 0.097630 0.021640 
0.038870 0.136510 0.238745 0.189015 0.176339 0.176805 0.238079 0.278074 0.293923 0.253717 0.257445 0.173329 0.178896 0.239806 0.136834 0.017534 
0.040362 0.128734 0.212650 0.157769 0.174314 0.185105 0.242599 0.285672 0.282549 0.256059 0.263161 0.218814 0.161710 0.203989 0.114612 0.016525 
0.040445 0.108137 0.245388 0.149017 0.166574 0.171462 0.232245 0.282653 0.284885 0.239874 0.241233 0.226586 0.126098 0.180688 0.098389 0.017023 
0.041747 0.099010 0.228612 0.192586 0.220811 0.229952 0.216740 0.272647 0.283864 0.232586 0.250275 0.232469 0.172747 0.199755 0.055689 0.037028 
0.042260 0.099412 0.245183 0.263888 0.259054 0.268641 0.255038 0.274461 0.283995 0.256479 0.262710 0.230786 0.164779 0.178863 0.018222 0.036193 
0.043650 0.096306 0.253206 0.268785 0.282180 0.280851 0.270113 0.285271 0.292525 0.266320 0.259489 0.217816 0.223388 0.219864 0.015097 0.035208 
0.045146 0.097558 0.234831 0.266403 0.273996 0.275184 0.271628 0.279074 0.273032 0.257768 0.235294 0.190905 0.227484 0.238730 0.012318 0.031301 

# batch=0 channel=3
0.068869 0.115403 0.145679 0.174181 0.089010 0.134887 0.239129 0.284276 0.297708 0.304145 0.276536 0.118224 0.013925 0.102247 0.142222 0.167979 
0.041347 0.114351 0.194866 0.208277 0.168125 0.086434 0.219336 0.301389 0.309108 0.292344 0.228394 0.080667 0.083993 0.162783 0.222838 0.201381 
0.052531 0.098596 0.194872 0.204311 0.177814 0.163375 0.188017 0.235913 0.259440 0.247284 0.174653 0.115801 0.180009 0.210739 0.211307 0.156038 
0.039789 0.089683 0.200811 0.209788 0.240892 0.227516 0.303383 0.239630 0.228883 0.253171 0.259605 0.256320 0.250618 0.216770 0.194489 0.152226 
0.033445 0.079919 0.160686 0.204656 0.249413 0.284157 0.213791 0.228771 0.235774 0.256521 0.247311 0.256311 0.243098 0.237551 0.210746 0.142501 
0.033972 0.066791 0.148480 0.236219 0.289862 0.255491 0.191355 0.208382 0.258279 0.263560 0.207075 0.234036 0.264447 0.258662 0.160473 0.107134 
0.030611 0.070427 0.140996 0.217704 0.296027 0.231598 0.178066 0.202553 0.290492 0.268370 0.205813 0.207252 0.237175 0.229171 0.144814 0.092569 
0.033892 0.071093 0.146260 0.282909 0.250176 0.226684 0.171141 0.227739 0.276986 0.273035 0.243623 0.224231 0.253986 0.225489 0.207451 0.089321 
0.031611 0.068235 0.198106 0.238329 0.216486 0.191942 0.215466 0.241626 0.286245 0.281272 0.233488 0.251847 0.213624 0.229199 0.204704 0.093957 
0.032203 0.075113 0.160882 0.238388 0.198544 0.196368 0.186839 0.257454 0.290051 0.278540 0.246017 0.205362 0.223392 0.232365 0.220625 0.091512 
0.033974 0.067145 0.185589 0.246020 0.210350 0.189244 0.182210 0.254966 0.291204 0.283092 0.263381 0.249164 0.224464 0.194695 0.180786 0.060859 
0.035947 0.041481 0.184158 0.198172 0.131164 0.176880 0.204733 0.266439 0.287520 0.281456 0.259512 0.239979 0.213606 0.176639 0.182261 0.043307 
0.038324 0.032078 0.168094 0.167921 0.229514 0.223790 0.214840 0.256640 0.281878 0.297166 0.238629 0.286289 0.189465 0.167572 0.182490 0.026875 
0.033039 0.036556 0.179157 0.270385 0.271524 0.285408 0.271054 0.279270 0.285894 0.268278 0.279810 0.289328 0.235750 0.209927 0.157769 0.028079 
0.038199 0.033142 0.189562 0.256028 0.280212 0.284903 0.283763 0.300861 0.297075 0.286566 0.293011 0.240341 0.234791 0.225183 0.166606 0.026858 
0.050839 0.072283 0.280349 0.311199 0.330691 0.339301 0.331301 0.346310 0.346137 0.329545 0.301807 0.268706 0.242601 0.261582 0.132922 0.033326 

